date	Ripple	Bitcoin	Ethereum	Litecash	Bitcoin Cash	isPartial
2013-03-17	0	2	0	0	0	False
2013-03-24	0	3	0	0	0	False
2013-03-31	0	6	0	0	0	False
2013-04-07	0	11	0	0	0	False
2013-04-14	1	6	0	0	0	False
2013-04-21	1	3	0	0	0	False
2013-04-28	0	3	0	0	0	False
2013-05-05	1	2	0	0	0	False
2013-05-12	1	2	0	0	0	False
2013-05-19	1	2	0	0	0	False
2013-05-26	0	2	0	0	0	False
2013-06-02	0	2	0	0	0	False
2013-06-09	0	2	0	0	0	False
2013-06-16	0	2	0	0	0	False
2013-06-23	0	2	0	0	0	False
2013-06-30	0	2	0	0	0	False
2013-07-07	0	2	0	0	0	False
2013-07-14	0	1	0	0	0	False
2013-07-21	0	1	0	0	0	False
2013-07-28	0	1	0	0	0	False
2013-08-04	0	1	0	0	0	False
2013-08-11	0	2	0	0	0	False
2013-08-18	0	2	0	0	0	False
2013-08-25	0	2	0	0	0	False
2013-09-01	0	1	0	0	0	False
2013-09-08	0	1	0	0	0	False
2013-09-15	0	1	0	0	0	False
2013-09-22	0	1	0	0	0	False
2013-09-29	0	2	0	0	0	False
2013-10-06	0	2	0	0	0	False
2013-10-13	0	2	0	0	0	False
2013-10-20	0	2	0	0	0	False
2013-10-27	0	5	0	0	0	False
2013-11-03	0	5	0	0	0	False
2013-11-10	0	5	0	0	0	False
2013-11-17	0	12	0	0	0	False
2013-11-24	1	14	0	0	0	False
2013-12-01	1	13	0	0	0	False
2013-12-08	1	9	0	0	0	False
2013-12-15	1	10	0	0	0	False
2013-12-22	0	7	0	0	0	False
2013-12-29	0	6	0	0	0	False
2014-01-05	0	7	0	0	0	False
2014-01-12	0	6	0	0	0	False
2014-01-19	0	6	0	0	0	False
2014-01-26	0	7	0	0	0	False
2014-02-02	0	5	0	0	0	False
2014-02-09	0	7	0	0	0	False
2014-02-16	0	6	0	0	0	False
2014-02-23	0	10	0	0	0	False
2014-03-02	0	8	0	0	0	False
2014-03-09	0	5	0	0	0	False
2014-03-16	0	4	0	0	0	False
2014-03-23	0	4	0	0	0	False
2014-03-30	0	3	0	0	0	False
2014-04-06	0	3	0	0	0	False
2014-04-13	0	3	0	0	0	False
2014-04-20	0	3	0	0	0	False
2014-04-27	0	2	0	0	0	False
2014-05-04	1	2	0	0	0	False
2014-05-11	1	2	0	0	0	False
2014-05-18	0	2	0	0	0	False
2014-05-25	0	3	0	0	0	False
2014-06-01	0	3	0	0	0	False
2014-06-08	0	3	0	0	0	False
2014-06-15	0	3	0	0	0	False
2014-06-22	0	2	0	0	0	False
2014-06-29	0	2	0	0	0	False
2014-07-06	0	2	0	0	0	False
2014-07-13	0	2	0	0	0	False
2014-07-20	0	2	0	0	0	False
2014-07-27	0	2	0	0	0	False
2014-08-03	0	2	0	0	0	False
2014-08-10	0	3	0	0	0	False
2014-08-17	0	2	0	0	0	False
2014-08-24	0	2	0	0	0	False
2014-08-31	0	2	0	0	0	False
2014-09-07	0	3	0	0	0	False
2014-09-14	0	2	0	0	0	False
2014-09-21	0	2	0	0	0	False
2014-09-28	0	2	0	0	0	False
2014-10-05	0	3	0	0	0	False
2014-10-12	0	2	0	0	0	False
2014-10-19	1	2	0	0	0	False
2014-10-26	0	2	0	0	0	False
2014-11-02	0	2	0	0	0	False
2014-11-09	1	2	0	0	0	False
2014-11-16	0	2	0	0	0	False
2014-11-23	1	2	0	0	0	False
2014-11-30	0	2	0	0	0	False
2014-12-07	0	2	0	0	0	False
2014-12-14	1	2	0	0	0	False
2014-12-21	0	3	0	0	0	False
2014-12-28	0	2	0	0	0	False
2015-01-04	0	3	0	0	0	False
2015-01-11	0	3	0	0	0	False
2015-01-18	0	2	0	0	0	False
2015-01-25	0	2	0	0	0	False
2015-02-01	0	2	0	0	0	False
2015-02-08	0	2	0	0	0	False
2015-02-15	0	2	0	0	0	False
2015-02-22	0	2	0	0	0	False
2015-03-01	0	2	0	0	0	False
2015-03-08	0	2	0	0	0	False
2015-03-15	0	2	0	0	0	False
2015-03-22	0	2	0	0	0	False
2015-03-29	0	2	0	0	0	False
2015-04-05	0	2	0	0	0	False
2015-04-12	0	2	0	0	0	False
2015-04-19	0	2	0	0	0	False
2015-04-26	0	2	0	0	0	False
2015-05-03	0	2	0	0	0	False
2015-05-10	0	2	0	0	0	False
2015-05-17	0	2	0	0	0	False
2015-05-24	0	2	0	0	0	False
2015-05-31	0	2	0	0	0	False
2015-06-07	0	2	0	0	0	False
2015-06-14	0	2	0	0	0	False
2015-06-21	0	2	0	0	0	False
2015-06-28	0	2	0	0	0	False
2015-07-05	1	2	0	0	0	False
2015-07-12	0	2	0	0	0	False
2015-07-19	0	2	0	0	0	False
2015-07-26	0	2	0	0	0	False
2015-08-02	0	2	0	0	0	False
2015-08-09	0	2	0	0	0	False
2015-08-16	0	2	0	0	0	False
2015-08-23	0	2	0	0	0	False
2015-08-30	0	2	0	0	0	False
2015-09-06	0	2	0	0	0	False
2015-09-13	0	2	0	0	0	False
2015-09-20	0	2	0	0	0	False
2015-09-27	0	2	0	0	0	False
2015-10-04	0	2	0	0	0	False
2015-10-11	0	2	0	0	0	False
2015-10-18	0	2	0	0	0	False
2015-10-25	0	2	0	0	0	False
2015-11-01	0	4	0	0	0	False
2015-11-08	0	3	0	0	0	False
2015-11-15	0	2	0	0	0	False
2015-11-22	0	2	0	0	0	False
2015-11-29	0	2	0	0	0	False
2015-12-06	0	4	0	0	0	False
2015-12-13	0	3	0	0	0	False
2015-12-20	0	3	0	0	0	False
2015-12-27	0	2	0	0	0	False
2016-01-03	0	3	0	0	0	False
2016-01-10	0	3	0	0	0	False
2016-01-17	0	3	0	0	0	False
2016-01-24	0	2	0	0	0	False
2016-01-31	0	2	0	0	0	False
2016-02-07	1	2	0	0	0	False
2016-02-14	0	3	0	0	0	False
2016-02-21	0	2	0	0	0	False
2016-02-28	0	2	0	0	0	False
2016-03-06	0	2	0	0	0	False
2016-03-13	0	2	0	0	0	False
2016-03-20	0	2	0	0	0	False
2016-03-27	0	2	0	0	0	False
2016-04-03	0	2	0	0	0	False
2016-04-10	0	2	0	0	0	False
2016-04-17	0	2	0	0	0	False
2016-04-24	0	3	0	0	0	False
2016-05-01	0	4	0	0	0	False
2016-05-08	0	3	0	0	0	False
2016-05-15	0	2	0	0	0	False
2016-05-22	0	2	0	0	0	False
2016-05-29	0	3	0	0	0	False
2016-06-05	0	3	0	0	0	False
2016-06-12	0	4	1	0	0	False
2016-06-19	0	4	1	0	0	False
2016-06-26	0	3	0	0	0	False
2016-07-03	0	3	0	0	0	False
2016-07-10	0	3	0	0	0	False
2016-07-17	0	3	0	0	0	False
2016-07-24	0	3	1	0	0	False
2016-07-31	0	3	0	0	0	False
2016-08-07	0	2	0	0	0	False
2016-08-14	0	2	0	0	0	False
2016-08-21	0	2	0	0	0	False
2016-08-28	0	2	0	0	0	False
2016-09-04	0	3	0	0	0	False
2016-09-11	1	2	0	0	0	False
2016-09-18	0	2	0	0	0	False
2016-09-25	0	2	0	0	0	False
2016-10-02	0	2	0	0	0	False
2016-10-09	0	3	0	0	0	False
2016-10-16	0	3	0	0	0	False
2016-10-23	0	3	0	0	0	False
2016-10-30	0	3	0	0	0	False
2016-11-06	0	3	0	0	0	False
2016-11-13	0	3	0	0	0	False
2016-11-20	0	3	0	0	0	False
2016-11-27	0	3	0	0	0	False
2016-12-04	0	3	0	0	0	False
2016-12-11	0	3	0	0	0	False
2016-12-18	1	4	0	0	0	False
2016-12-25	0	5	0	0	0	False
2017-01-01	0	7	0	0	0	False
2017-01-08	0	6	0	0	0	False
2017-01-15	0	4	0	0	0	False
2017-01-22	0	4	0	0	0	False
2017-01-29	0	4	0	0	0	False
2017-02-05	0	4	0	0	0	False
2017-02-12	0	4	0	0	0	False
2017-02-19	0	5	0	0	0	False
2017-02-26	0	6	1	0	0	False
2017-03-05	1	7	0	0	0	False
2017-03-12	1	6	1	0	0	False
2017-03-19	1	6	1	0	0	False
2017-03-26	1	5	1	0	0	False
2017-04-02	1	5	1	0	0	False
2017-04-09	1	5	1	0	0	False
2017-04-16	1	5	1	0	0	False
2017-04-23	1	5	1	0	0	False
2017-04-30	1	7	2	0	0	False
2017-05-07	1	9	1	0	0	False
2017-05-14	2	11	1	0	0	False
2017-05-21	2	19	5	0	0	False
2017-05-28	1	13	4	0	0	False
2017-06-04	1	12	4	0	0	False
2017-06-11	1	13	7	0	0	False
2017-06-18	1	11	5	0	0	False
2017-06-25	1	11	5	0	0	False
2017-07-02	1	9	3	0	0	False
2017-07-09	1	10	4	0	0	False
2017-07-16	1	11	4	0	0	False
2017-07-23	1	11	3	0	0	False
2017-07-30	1	15	2	0	3	False
2017-08-06	1	14	3	0	1	False
2017-08-13	1	20	3	0	1	False
2017-08-20	2	16	3	0	1	False
2017-08-27	2	17	3	0	1	False
2017-09-03	1	18	3	0	0	False
2017-09-10	1	21	3	0	0	False
2017-09-17	1	16	2	0	0	False
2017-09-24	1	13	2	0	0	False
2017-10-01	1	12	2	0	0	False
2017-10-08	2	19	2	0	0	False
2017-10-15	2	19	3	0	0	False
2017-10-22	1	20	2	0	0	False
2017-10-29	2	27	3	0	1	False
2017-11-05	2	29	3	0	2	False
2017-11-12	2	31	3	0	3	False
2017-11-19	2	27	4	0	1	False
2017-11-26	3	65	6	0	1	False
2017-12-03	4	87	7	0	1	False
2017-12-10	14	85	10	0	2	False
2017-12-17	16	100	9	0	6	False
2017-12-24	19	62	5	0	1	False
2017-12-31	27	47	7	0	1	False
2018-01-07	20	46	9	0	1	False
2018-01-14	12	57	7	0	1	False
2018-01-21	6	38	4	0	1	False
2018-01-28	6	40	5	0	1	False
2018-02-04	6	48	4	0	1	False
2018-02-11	4	26	3	0	0	False
2018-02-18	4	24	3	0	0	False
2018-02-25	3	19	2	0	0	False
2018-03-04	3	19	2	0	0	False
2018-03-11	2	17	2	0	0	True
